v 0.009295 -0.115719 -0.079883 0.231966 0.003537 1 -0 0
v 0.009295 0.011543 -0.057443 0.231966 0.296905 0.9841 0.1775 0.0042
v 0.009295 -0.103214 -0.050431 0.170951 0.043654 0.9908 0.0049 0.1349
v 0.008484 0.009623 -0.027983 0.165014 0.304022 0.9765 -0.0374 0.212
v 0.009295 -0.103214 -0.050431 0.170951 0.043654 0.9908 0.0049 0.1349
v 0.009295 0.010255 -0.030423 0.170967 0.304471 0.9922 0.0543 0.1119
v -0.008484 0.009623 -0.027983 0.069919 0.304023 -0.9765 -0.0374 0.212
v -0.008132 -0.104086 -0.045482 0.075641 0.043901 -0.9995 0.0319 0.0005
v -0.008132 0.010524 -0.025308 0.075601 0.307089 -0.9992 0.0069 -0.039
v 0.009295 -0.115719 -0.042431 0.147656 0.01854 0.9953 -0.0168 0.0952
v 0.009295 -0.104959 -0.040534 0.147626 0.04366 0.9993 0.034 -0.0156
v 0.008665 -0.115719 -0.039535 0.140965 0.019696 0.9182 -0.0688 0.3901
v -0.008665 -0.115719 -0.039535 0.093967 0.019695 -0.9182 -0.0688 0.3901
v -0.006869 0.008457 -0.015185 0.100793 0.306466 -0.6926 -0.1253 0.7103
v -0.008665 0.009801 -0.017403 0.093967 0.308593 -0.9248 -0.0661 0.3747
v 0.008484 -0.104523 -0.043008 0.153601 0.043811 0.9702 0.0989 -0.2212
v 0.008132 0.010524 -0.025308 0.159331 0.307088 0.9992 0.0069 -0.039
v 0.008484 0.011177 -0.022607 0.153498 0.309612 0.9712 0.0414 -0.2348
v 0.008566 -0.105623 -0.043351 0.15396 0.041239 0.9516 0.2082 -0.2261
v 0.009295 -0.107923 -0.043878 0.15405 0.035606 0.98 0.1798 -0.0848
v 0.008647 -0.106754 -0.044469 0.156022 0.038318 0.9344 0.3173 -0.1621
v 0.009295 -0.105051 -0.049854 0.168896 0.039742 0.9842 0.0642 0.1648
v 0.008484 -0.10365 -0.047957 0.164977 0.043809 0.9698 -0.0067 0.2437
v 0.008484 -0.104879 -0.047954 0.16442 0.041115 0.9548 0.0772 0.2871
v 0.009295 -0.107923 -0.043878 0.15405 0.035606 0.98 0.1798 -0.0848
v 0.008647 -0.107186 -0.046029 0.159299 0.036787 0.9247 0.3787 0.0404
v 0.008647 -0.106754 -0.044469 0.156022 0.038318 0.9344 0.3173 -0.1621
v 0.008647 -0.107186 -0.046029 0.159299 0.036787 0.9247 0.3787 0.0404
v 0.009295 -0.107131 -0.048487 0.164935 0.035591 0.9782 0.147 0.147
v 0.008484 -0.106173 -0.047463 0.162761 0.038544 0.9335 0.2439 0.2628
v 0.008213 -0.105294 -0.045661 0.159218 0.041181 0.992 0.1258 -0.0083
v 0.008484 -0.106173 -0.047463 0.162761 0.038544 0.9335 0.2439 0.2628
v 0.008484 -0.104879 -0.047954 0.16442 0.041115 0.9548 0.0772 0.2871
v 0.008566 -0.105623 -0.043351 0.15396 0.041239 0.9516 0.2082 -0.2261
v 0.008132 -0.104086 -0.045482 0.15929 0.043902 0.9995 0.0319 0.0005
v 0.008484 -0.104523 -0.043008 0.153601 0.043811 0.9702 0.0989 -0.2212
v 0.008647 -0.106754 -0.044469 0.156022 0.038318 0.9344 0.3173 -0.1621
v 0.008213 -0.105294 -0.045661 0.159218 0.041181 0.992 0.1258 -0.0083
v 0.008566 -0.105623 -0.043351 0.15396 0.041239 0.9516 0.2082 -0.2261
v 0.008132 -0.104086 -0.045482 0.15929 0.043902 0.9995 0.0319 0.0005
v 0.008484 -0.104879 -0.047954 0.16442 0.041115 0.9548 0.0772 0.2871
v 0.008484 -0.10365 -0.047957 0.164977 0.043809 0.9698 -0.0067 0.2437
v 0.009295 -0.107131 -0.048487 0.164935 0.035591 0.9782 0.147 0.147
v 0.008484 -0.104879 -0.047954 0.16442 0.041115 0.9548 0.0772 0.2871
v 0.008484 -0.106173 -0.047463 0.162761 0.038544 0.9335 0.2439 0.2628
v 0.008484 -0.104523 -0.043008 0.153601 0.043811 0.9702 0.0989 -0.2212
v 0.009295 -0.106507 -0.041833 0.149952 0.039642 0.9843 0.1238 -0.1255
v 0.008566 -0.105623 -0.043351 0.15396 0.041239 0.9516 0.2082 -0.2261
v 0.006869 0.008457 -0.015185 0.134138 0.306465 0.6926 -0.1253 0.7103
v 0.008665 -0.115719 -0.039535 0.140965 0.019696 0.9182 -0.0688 0.3901
v 0.008665 0.009801 -0.017403 0.140964 0.308593 0.9248 -0.0661 0.3747
v 0.009295 0.011543 -0.057443 0.231966 0.296905 0.9841 0.1775 0.0042
v 0.009295 0.010255 -0.030423 0.170967 0.304471 0.9922 0.0543 0.1119
v 0.009295 -0.103214 -0.050431 0.170951 0.043654 0.9908 0.0049 0.1349
v 0.009295 -0.108387 -0.046241 0.159297 0.033642 0.9819 0.1872 0.0303
v 0.009295 -0.107923 -0.043878 0.15405 0.035606 0.98 0.1798 -0.0848
v 0.009295 -0.115719 -0.042431 0.147656 0.01854 0.9953 -0.0168 0.0952
v -0.008665 0.009801 -0.017403 0.093967 0.308593 -0.9248 -0.0661 0.3747
v -0.009295 0.011013 -0.020085 0.087385 0.310234 -0.9981 0.0106 -0.06
v -0.009295 -0.104959 -0.040534 0.087306 0.04366 -0.9993 0.034 -0.0156
v 0.009295 -0.107131 -0.048487 0.164935 0.035591 0.9782 0.147 0.147
v 0.009295 -0.108387 -0.046241 0.159297 0.033642 0.9819 0.1872 0.0303
v 0.009295 -0.115719 -0.042431 0.147656 0.01854 0.9953 -0.0168 0.0952
v 0.004182 0.007647 -0.013687 0.127032 0.305248 0.3445 -0.163 0.9245
v 0.006869 -0.115719 -0.03708 0.134139 0.020662 0.6823 -0.1269 0.7199
v 0.006869 0.008457 -0.015185 0.134138 0.306465 0.6926 -0.1253 0.7103
v 0.009295 -0.115719 -0.079883 0.231966 0.003537 1 -0 0
v 0.009295 -0.103214 -0.050431 0.170951 0.043654 0.9908 0.0049 0.1349
v 0.009295 -0.105051 -0.049854 0.168896 0.039742 0.9842 0.0642 0.1648
v 0 0.007353 -0.013163 0.117466 0.304798 0 -0.1736 0.9848
v 0.004182 -0.115719 -0.03544 0.127032 0.021308 0.3386 -0.1634 0.9267
v 0.004182 0.007647 -0.013687 0.127032 0.305248 0.3445 -0.163 0.9245
v 0.009295 -0.107923 -0.043878 0.15405 0.035606 0.98 0.1798 -0.0848
v 0.009295 -0.106507 -0.041833 0.149952 0.039642 0.9843 0.1238 -0.1255
v 0.009295 -0.115719 -0.042431 0.147656 0.01854 0.9953 -0.0168 0.0952
v 0.009295 -0.106507 -0.041833 0.149952 0.039642 0.9843 0.1238 -0.1255
v 0.009295 -0.104959 -0.040534 0.147626 0.04366 0.9993 0.034 -0.0156
v 0.009295 -0.115719 -0.042431 0.147656 0.01854 0.9953 -0.0168 0.0952
v 0.008132 -0.104086 -0.045482 0.15929 0.043902 0.9995 0.0319 0.0005
v 0.008484 0.009623 -0.027983 0.165014 0.304022 0.9765 -0.0374 0.212
v 0.008132 0.010524 -0.025308 0.159331 0.307088 0.9992 0.0069 -0.039
v -0.006963 0.014144 -0.031511 0.059786 0.314492 -0.6518 0.7583 0.0157
v -0.008015 0.013768 -0.057051 0.002966 0.302811 -0.7229 0.6908 0.0128
v -0.008145 0.013119 -0.031141 0.061185 0.311146 -0.7792 0.6266 0.0148
v -0.006869 -0.115719 -0.03708 0.100793 0.020661 -0.6823 -0.1269 0.7199
v -0.004182 0.007647 -0.013687 0.1079 0.305249 -0.3445 -0.163 0.9245
v -0.006869 0.008457 -0.015185 0.100793 0.306466 -0.6926 -0.1253 0.7103
v -0.009295 -0.115719 -0.042431 0.087276 0.01854 -0.9953 -0.0168 0.0952
v -0.009295 -0.104959 -0.040534 0.087306 0.04366 -0.9993 0.034 -0.0156
v -0.009295 -0.106507 -0.041833 0.08498 0.039641 -0.9843 0.1238 -0.1255
v 0.009295 -0.104959 -0.040534 0.147626 0.04366 0.9993 0.034 -0.0156
v 0.008484 0.011177 -0.022607 0.153498 0.309612 0.9712 0.0414 -0.2348
v 0.009295 0.011013 -0.020085 0.147547 0.310234 0.9981 0.0106 -0.06
v -0.009295 -0.104959 -0.040534 0.087306 0.04366 -0.9993 0.034 -0.0156
v -0.008484 0.011177 -0.022607 0.081434 0.309613 -0.9712 0.0414 -0.2348
v -0.008484 -0.104523 -0.043008 0.08133 0.04381 -0.9702 0.0989 -0.2212
v -0.008132 0.010524 -0.025308 0.075601 0.307089 -0.9992 0.0069 -0.039
v -0.008484 -0.104523 -0.043008 0.08133 0.04381 -0.9702 0.0989 -0.2212
v -0.008484 0.011177 -0.022607 0.081434 0.309613 -0.9712 0.0414 -0.2348
v -0.008922 0.011823 -0.030775 0.062565 0.30792 -0.9335 0.3584 0.0124
v -0.009295 0.011543 -0.057443 0.002966 0.296906 -0.9841 0.1775 0.0042
v -0.009295 0.010255 -0.030423 0.063966 0.304471 -0.9922 0.0543 0.1119
v -0.008145 0.013119 -0.031141 0.061185 0.311146 -0.7792 0.6266 0.0148
v -0.008793 0.012746 -0.05723 0.002966 0.299886 -0.8727 0.4881 0.0101
v -0.008922 0.011823 -0.030775 0.062565 0.30792 -0.9335 0.3584 0.0124
v -0.008566 -0.105623 -0.043351 0.080971 0.041238 -0.9516 0.2082 -0.2261
v -0.009295 -0.107923 -0.043878 0.080882 0.035606 -0.98 0.1798 -0.0848
v -0.009295 -0.106507 -0.041833 0.08498 0.039641 -0.9843 0.1238 -0.1255
v -0.009295 -0.105051 -0.049854 0.066036 0.039742 -0.9842 0.0642 0.1648
v -0.008484 -0.10365 -0.047957 0.069955 0.043809 -0.9698 -0.0067 0.2437
v -0.009295 -0.103214 -0.050431 0.063981 0.043653 -0.9908 0.0049 0.1349
v -0.008647 -0.107186 -0.046029 0.075633 0.036786 -0.9247 0.3787 0.0404
v -0.009295 -0.107923 -0.043878 0.080882 0.035606 -0.98 0.1798 -0.0848
v -0.008647 -0.106754 -0.044469 0.07891 0.038318 -0.9344 0.3173 -0.1621
v -0.008647 -0.107186 -0.046029 0.075633 0.036786 -0.9247 0.3787 0.0404
v -0.009295 -0.107131 -0.048487 0.069996 0.03559 -0.9782 0.147 0.147
v -0.009295 -0.108387 -0.046241 0.075635 0.033641 -0.9819 0.1872 0.0303
v -0.008213 -0.105294 -0.045661 0.075714 0.04118 -0.992 0.1258 -0.0083
v -0.008484 -0.106173 -0.047463 0.072171 0.038543 -0.9335 0.2439 0.2628
v -0.008647 -0.107186 -0.046029 0.075633 0.036786 -0.9247 0.3787 0.0404
v -0.008566 -0.105623 -0.043351 0.080971 0.041238 -0.9516 0.2082 -0.2261
v -0.008132 -0.104086 -0.045482 0.075641 0.043901 -0.9995 0.0319 0.0005
v -0.008213 -0.105294 -0.045661 0.075714 0.04118 -0.992 0.1258 -0.0083
v -0.008647 -0.106754 -0.044469 0.07891 0.038318 -0.9344 0.3173 -0.1621
v -0.008213 -0.105294 -0.045661 0.075714 0.04118 -0.992 0.1258 -0.0083
v -0.008647 -0.107186 -0.046029 0.075633 0.036786 -0.9247 0.3787 0.0404
v -0.008132 -0.104086 -0.045482 0.075641 0.043901 -0.9995 0.0319 0.0005
v -0.008484 -0.104879 -0.047954 0.070511 0.041115 -0.9548 0.0772 0.2871
v -0.008213 -0.105294 -0.045661 0.075714 0.04118 -0.992 0.1258 -0.0083
v -0.009295 -0.107131 -0.048487 0.069996 0.03559 -0.9782 0.147 0.147
v -0.008484 -0.104879 -0.047954 0.070511 0.041115 -0.9548 0.0772 0.2871
v -0.009295 -0.105051 -0.049854 0.066036 0.039742 -0.9842 0.0642 0.1648
v -0.008484 -0.104523 -0.043008 0.08133 0.04381 -0.9702 0.0989 -0.2212
v -0.009295 -0.106507 -0.041833 0.08498 0.039641 -0.9843 0.1238 -0.1255
v -0.009295 -0.104959 -0.040534 0.087306 0.04366 -0.9993 0.034 -0.0156
v 0.009295 -0.104959 -0.040534 0.147626 0.04366 0.9993 0.034 -0.0156
v 0.008665 0.009801 -0.017403 0.140964 0.308593 0.9248 -0.0661 0.3747
v 0.008665 -0.115719 -0.039535 0.140965 0.019696 0.9182 -0.0688 0.3901
v -0.009295 0.011543 -0.057443 0.002966 0.296906 -0.9841 0.1775 0.0042
v -0.009295 -0.115719 -0.079883 0.002966 0.003537 -1 0 0
v -0.009295 -0.103214 -0.050431 0.063981 0.043653 -0.9908 0.0049 0.1349
v -0.009295 -0.115719 -0.042431 0.087276 0.01854 -0.9953 -0.0168 0.0952
v -0.009295 -0.106507 -0.041833 0.08498 0.039641 -0.9843 0.1238 -0.1255
v -0.009295 -0.107923 -0.043878 0.080882 0.035606 -0.98 0.1798 -0.0848
v -0.009295 -0.107131 -0.048487 0.069996 0.03559 -0.9782 0.147 0.147
v -0.009295 -0.105051 -0.049854 0.066036 0.039742 -0.9842 0.0642 0.1648
v -0.009295 -0.115719 -0.079883 0.002966 0.003537 -1 0 0
v 0 0.010295 -0.057664 0.079188 0.609658 -0 0.1736 -0.9848
v 0.001741 0.010557 -0.057617 0.084108 0.608924 -0 0.1736 -0.9848
v 0.009295 -0.115719 -0.079883 0.100825 0.892611 -0 0.1736 -0.9848
v -0.009295 0.010255 -0.030423 0.063966 0.304471 -0.9922 0.0543 0.1119
v -0.009295 0.011543 -0.057443 0.002966 0.296906 -0.9841 0.1775 0.0042
v -0.009295 -0.103214 -0.050431 0.063981 0.043653 -0.9908 0.0049 0.1349
v -0.009295 -0.115719 -0.079883 0.002966 0.003537 -1 0 0
v -0.009295 -0.115719 -0.042431 0.087276 0.01854 -0.9953 -0.0168 0.0952
v -0.009295 -0.107131 -0.048487 0.069996 0.03559 -0.9782 0.147 0.147
v -0.009295 -0.115719 -0.042431 0.087276 0.01854 -0.9953 -0.0168 0.0952
v -0.009295 -0.108387 -0.046241 0.075635 0.033641 -0.9819 0.1872 0.0303
v -0.009295 -0.107131 -0.048487 0.069996 0.03559 -0.9782 0.147 0.147
v 0.008298 -0.001136 -0.058714 0.488235 0.827346 0.0044 -0.1761 0.9844
v 0.001741 0.010383 -0.056632 0.473351 0.853899 0.0008 -0.1774 0.9841
v 0 0.010121 -0.056679 0.469403 0.853295 0 -0.1776 0.9841
v 0.008015 0.013768 -0.057051 0.231966 0.30281 0.7229 0.6908 0.0128
v 0.006963 0.014144 -0.031511 0.175147 0.314491 0.6518 0.7583 0.0157
v 0.008145 0.013119 -0.031141 0.173748 0.311145 0.7792 0.6266 0.0148
v 0.008484 0.009623 -0.027983 0.217022 0.616807 0.037 0.9983 -0.0448
v 0.008281 0.010177 -0.030538 0.211383 0.614668 -0.0794 0.9729 0.2174
v 0.007504 0.009661 -0.028196 0.217022 0.614668 0.0353 0.9982 -0.048
v 0.008132 0.010524 -0.025308 0.223541 0.616807 -0.0052 0.9653 -0.261
v 0.007504 0.009661 -0.028196 0.217022 0.614668 0.0353 0.9982 -0.048
v 0.00712 0.010517 -0.025268 0.223541 0.614668 -0.0253 0.967 -0.2534
v 0 0.007353 -0.013163 0.268859 0.616807 0 0.9843 0.1764
v 0.00383 0.007814 -0.014631 0.258255 0.614668 -0.1153 0.9703 0.2127
v 0 0.007529 -0.014157 0.268859 0.614668 0 0.9848 0.1736
v 0.008484 0.011177 -0.022607 0.229874 0.616807 -0.0488 0.9963 -0.0708
v 0.008261 0.011002 -0.020023 0.235514 0.614668 -0.01 0.9688 0.2475
v 0.009295 0.011013 -0.020085 0.235514 0.616807 0.0044 0.9699 0.2436
v 0.008484 0.011177 -0.022607 0.229874 0.616807 -0.0488 0.9963 -0.0708
v 0.00712 0.010517 -0.025268 0.223541 0.614668 -0.0253 0.967 -0.2534
v 0.007509 0.011136 -0.022371 0.229874 0.614668 -0.0583 0.9962 -0.0652
v 0.008145 0.013119 -0.031141 0.173748 0.311145 0.7792 0.6266 0.0148
v 0.008793 0.012746 -0.05723 0.231966 0.299885 0.8727 0.4881 0.0101
v 0.008015 0.013768 -0.057051 0.231966 0.30281 0.7229 0.6908 0.0128
v 0.008922 0.011823 -0.030775 0.828901 0.237369 -0.1068 0.1964 0.9747
v 0.008281 0.010177 -0.030538 0.826721 0.233876 -0.1138 0.1851 0.9761
v 0.009295 0.010255 -0.030423 0.828901 0.233876 -0.1247 0.189 0.974
v 0.004182 0.007647 -0.013687 0.258255 0.616807 -0.1091 0.9693 0.2205
v 0.006162 0.008585 -0.01591 0.250421 0.614668 -0.1919 0.921 0.339
v 0.00383 0.007814 -0.014631 0.258255 0.614668 -0.1153 0.9703 0.2127
v 0.006869 0.008457 -0.015185 0.250421 0.616807 -0.1731 0.9199 0.3518
v 0.007717 0.009869 -0.017787 0.242714 0.614668 -0.1256 0.8929 0.4323
v 0.006162 0.008585 -0.01591 0.250421 0.614668 -0.1919 0.921 0.339
v 0.008665 0.009801 -0.017403 0.242714 0.616807 -0.097 0.8954 0.4346
v 0.008261 0.011002 -0.020023 0.235514 0.614668 -0.01 0.9688 0.2475
v 0.007717 0.009869 -0.017787 0.242714 0.614668 -0.1256 0.8929 0.4323
v 0 0.010295 -0.057664 0.292803 0.924666 0 0.9848 0.1736
v 0.001741 0.010383 -0.056632 0.295148 0.928797 -0.2162 0.9615 0.1695
v 0.001741 0.010557 -0.057617 0.292803 0.928796 -0.2162 0.9615 0.1695
v 0.005556 0.012508 -0.057273 0.292803 0.939015 -0.7347 0.6713 0.0978
v 0.006352 0.01373 -0.056087 0.295044 0.942812 -0.8286 0.5597 0.008
v 0.006963 0.014611 -0.056902 0.292779 0.945013 -0.8226 0.5686 -0.0033
v 0.003482 0.011058 -0.057529 0.292803 0.933049 -0.4356 0.8865 0.1563
v 0.005556 0.012334 -0.056288 0.295148 0.939015 -0.7414 0.6609 0.1165
v 0.005556 0.012508 -0.057273 0.292803 0.939015 -0.7347 0.6713 0.0978
v 0.001741 0.010557 -0.057617 0.292803 0.928796 -0.2162 0.9615 0.1695
v 0.003482 0.010884 -0.056544 0.295148 0.93305 -0.4356 0.8865 0.1563
v 0.003482 0.011058 -0.057529 0.292803 0.933049 -0.4356 0.8865 0.1563
v 0.006963 0.014144 -0.031511 0.828901 0.244277 -0.1892 0.1586 0.969
v 0.007378 0.01246 -0.031155 0.826721 0.240708 -0.1896 0.1884 0.9636
v 0.008145 0.013119 -0.031141 0.828901 0.240708 -0.161 0.1894 0.9686
v 0.008145 0.013119 -0.031141 0.828901 0.240708 -0.161 0.1894 0.9686
v 0.008001 0.011406 -0.030787 0.826721 0.237369 -0.1163 0.1941 0.9741
v 0.008922 0.011823 -0.030775 0.828901 0.237369 -0.1068 0.1964 0.9747
v -0.008484 0.009623 -0.027983 0.320132 0.616807 -0.037 0.9983 -0.0448
v -0.008281 0.010177 -0.030538 0.325897 0.614668 0.0794 0.9729 0.2174
v -0.009295 0.010255 -0.030423 0.325897 0.616807 0.0991 0.9708 0.2185
v -0.008132 0.010524 -0.025308 0.313529 0.616807 0.0052 0.9653 -0.261
v -0.007504 0.009661 -0.028196 0.320132 0.614668 -0.0353 0.9982 -0.048
v -0.008484 0.009623 -0.027983 0.320132 0.616807 -0.037 0.9983 -0.0448
v 0 0.007353 -0.013163 0.268859 0.616807 0 0.9843 0.1764
v -0.00383 0.007814 -0.014631 0.279313 0.614668 0.1153 0.9703 0.2127
v -0.004182 0.007647 -0.013687 0.279313 0.616807 0.1091 0.9693 0.2205
v -0.008484 0.011177 -0.022607 0.307075 0.616807 0.0488 0.9963 -0.0708
v -0.008261 0.011002 -0.020023 0.301311 0.614668 0.01 0.9688 0.2475
v -0.007509 0.011136 -0.022371 0.307075 0.614668 0.0583 0.9962 -0.0652
v -0.008484 0.011177 -0.022607 0.307075 0.616807 0.0488 0.9963 -0.0708
v -0.00712 0.010517 -0.025268 0.313529 0.614668 0.0253 0.967 -0.2534
v -0.008132 0.010524 -0.025308 0.313529 0.616807 0.0052 0.9653 -0.261
v -0.006963 0.014144 -0.031511 0.351958 0.904319 0.7693 0.6389 0.0084
v -0.006351 0.01373 -0.056087 0.295045 0.90652 0.8285 0.56 0.0078
v -0.006963 0.014611 -0.056902 0.29278 0.904319 0.8224 0.5689 -0.0036
v -0.009295 0.010255 -0.030423 0.369328 0.041449 0.1138 0.1807 0.9769
v -0.008001 0.011406 -0.030787 0.365859 0.043601 0.1185 0.2215 0.9679
v -0.008922 0.011823 -0.030775 0.365859 0.041449 0.1235 0.2091 0.9701
v -0.004182 0.007647 -0.013687 0.279313 0.616807 0.1091 0.9693 0.2205
v -0.006162 0.008585 -0.01591 0.286947 0.614668 0.1919 0.921 0.339
v -0.006869 0.008457 -0.015185 0.286947 0.616807 0.1731 0.9199 0.3518
v -0.006869 0.008457 -0.015185 0.286947 0.616807 0.1731 0.9199 0.3518
v -0.007717 0.009869 -0.017787 0.294404 0.614668 0.1256 0.8929 0.4323
v -0.008665 0.009801 -0.017403 0.294404 0.616807 0.097 0.8954 0.4346
v -0.008665 0.009801 -0.017403 0.294404 0.616807 0.097 0.8954 0.4346
v -0.008261 0.011002 -0.020023 0.301311 0.614668 0.01 0.9688 0.2475
v -0.009295 0.011013 -0.020085 0.301311 0.616807 -0.0044 0.9699 0.2436
v -0.001741 0.010557 -0.057617 0.292803 0.920535 0.2162 0.9615 0.1695
v 0 0.010121 -0.056679 0.295149 0.924666 0 0.9848 0.1736
v 0 0.010295 -0.057664 0.292803 0.924666 0 0.9848 0.1736
v -0.005556 0.012508 -0.057273 0.292804 0.910317 0.7347 0.6713 0.0977
v -0.006351 0.01373 -0.056087 0.295045 0.90652 0.8285 0.56 0.0078
v -0.005556 0.012334 -0.056288 0.295149 0.910317 0.7415 0.6607 0.1165
v -0.005556 0.012508 -0.057273 0.292804 0.910317 0.7347 0.6713 0.0977
v -0.003482 0.010884 -0.056544 0.295149 0.916282 0.4356 0.8865 0.1563
v -0.003482 0.011058 -0.057529 0.292804 0.916282 0.4356 0.8865 0.1563
v -0.003482 0.011058 -0.057529 0.292804 0.916282 0.4356 0.8865 0.1563
v -0.001741 0.010383 -0.056632 0.295149 0.920536 0.2162 0.9615 0.1695
v -0.001741 0.010557 -0.057617 0.292803 0.920535 0.2162 0.9615 0.1695
v -0.006963 0.014144 -0.031511 0.358779 0.041449 0.1892 0.1586 0.969
v -0.007378 0.01246 -0.031155 0.362473 0.043601 0.1651 0.1833 0.9691
v -0.006323 0.013376 -0.031526 0.358779 0.043601 0.2069 0.1537 0.9662
v -0.008922 0.011823 -0.030775 0.365859 0.041449 0.1235 0.2091 0.9701
v -0.007378 0.01246 -0.031155 0.362473 0.043601 0.1651 0.1833 0.9691
v -0.008145 0.013119 -0.031141 0.362473 0.041449 0.1639 0.1699 0.9717
v -0.007505 -0.006028 -0.030967 0.416241 0.705243 0 0.9848 0.1736
v -0.007121 -0.006502 -0.028281 0.410054 0.704375 0 0.9848 0.1736
v 0.007121 -0.006502 -0.028281 0.410042 0.672068 0 0.9848 0.1736
v 0.008922 0.011823 -0.030775 0.172368 0.30792 0.9335 0.3584 0.0124
v 0.009295 0.011543 -0.057443 0.231966 0.296905 0.9841 0.1775 0.0042
v 0.008793 0.012746 -0.05723 0.231966 0.299885 0.8727 0.4881 0.0101
v 0.006963 0.014144 -0.031511 0.351958 0.945013 -0.7693 0.6389 0.0084
v 0.006352 0.01373 -0.056087 0.295044 0.942812 -0.8286 0.5597 0.008
v 0.006323 0.013376 -0.031526 0.351958 0.942812 -0.7679 0.6406 0.0083
v 0.007726 -0.0078 -0.02092 0.393087 0.670703 0 0.9848 0.1737
v 0.00826 -0.007385 -0.023272 0.398503 0.669489 0 0.9848 0.1737
v 0.007507 -0.00698 -0.025573 0.403805 0.671195 0 0.9848 0.1736
v 0.007507 -0.00698 -0.025573 0.403805 0.671195 0 0.9848 0.1736
v 0.007121 -0.006502 -0.028281 0.410042 0.672068 0 0.9848 0.1736
v -0.007121 -0.006502 -0.028281 0.410054 0.704375 0 0.9848 0.1736
v -0.008484 0.009623 -0.027983 0.069919 0.304023 -0.9765 -0.0374 0.212
v -0.009295 -0.103214 -0.050431 0.063981 0.043653 -0.9908 0.0049 0.1349
v -0.008484 -0.10365 -0.047957 0.069955 0.043809 -0.9698 -0.0067 0.2437
v -0.0083 0.011247 -0.056574 0.450573 0.855851 -0.02 -0.1853 0.9825
v -0.008298 -0.001136 -0.058714 0.450581 0.827346 -0.0046 -0.176 0.9844
v -0.003482 0.010884 -0.056544 0.461505 0.855052 -0.0107 -0.1787 0.9838
v -0.008298 -0.001136 -0.058714 0.450581 0.827346 -0.0046 -0.176 0.9844
v 0.008298 -0.001136 -0.058714 0.488235 0.827346 0.0044 -0.1761 0.9844
v 0 0.010121 -0.056679 0.469403 0.853295 0 -0.1776 0.9841
v -0.003482 0.010884 -0.056544 0.461505 0.855052 -0.0107 -0.1787 0.9838
v -0.008298 -0.001136 -0.058714 0.450581 0.827346 -0.0046 -0.176 0.9844
v -0.001741 0.010383 -0.056632 0.465454 0.853899 -0.0008 -0.1774 0.9841
v 0.008298 -0.001136 -0.058714 0.488235 0.827346 0.0044 -0.1761 0.9844
v 0.008303 0.01123 -0.056572 0.488238 0.855815 0.0194 -0.1836 0.9828
v 0.003482 0.010884 -0.056544 0.4773 0.855053 0.0102 -0.1786 0.9839
v 0.008303 0.01123 -0.056572 0.488238 0.855815 0.0194 -0.1836 0.9828
v 0.007926 0.012186 -0.056371 0.487418 0.857976 0.0225 -0.1867 0.9822
v 0.005556 0.012334 -0.056288 0.482004 0.858394 0.0209 -0.1872 0.9821
v 0.007926 0.012186 -0.056371 0.487418 0.857976 0.0225 -0.1867 0.9822
v 0.007322 0.013006 -0.056221 0.486033 0.859904 0.0231 -0.1594 0.9869
v 0.005556 0.012334 -0.056288 0.482004 0.858394 0.0209 -0.1872 0.9821
v 0.007322 0.013006 -0.056221 0.486033 0.859904 0.0231 -0.1594 0.9869
v 0.006352 0.01373 -0.056087 0.483812 0.861592 0.0212 -0.1543 0.9878
v 0.005556 0.012334 -0.056288 0.482004 0.858394 0.0209 -0.1872 0.9821
v -0.007926 0.012186 -0.056371 0.451423 0.85803 -0.0223 -0.1905 0.9814
v -0.0083 0.011247 -0.056574 0.450573 0.855851 -0.02 -0.1853 0.9825
v -0.005556 0.012334 -0.056288 0.456801 0.858393 -0.0216 -0.1887 0.9818
v -0.006351 0.01373 -0.056087 0.454995 0.861592 -0.0211 -0.1543 0.9878
v -0.007322 0.013006 -0.056221 0.452793 0.85992 -0.0231 -0.1594 0.9869
v -0.005556 0.012334 -0.056288 0.456801 0.858393 -0.0216 -0.1887 0.9818
v -0.007322 0.013006 -0.056221 0.452793 0.85992 -0.0231 -0.1594 0.9869
v -0.007926 0.012186 -0.056371 0.451423 0.85803 -0.0223 -0.1905 0.9814
v -0.005556 0.012334 -0.056288 0.456801 0.858393 -0.0216 -0.1887 0.9818
v 0.008303 0.01123 -0.056572 0.488238 0.855815 0.0194 -0.1836 0.9828
v 0.005556 0.012334 -0.056288 0.482004 0.858394 0.0209 -0.1872 0.9821
v 0.003482 0.010884 -0.056544 0.4773 0.855053 0.0102 -0.1786 0.9839
v -0.0083 0.011247 -0.056574 0.450573 0.855851 -0.02 -0.1853 0.9825
v -0.003482 0.010884 -0.056544 0.461505 0.855052 -0.0107 -0.1787 0.9838
v -0.005556 0.012334 -0.056288 0.456801 0.858393 -0.0216 -0.1887 0.9818
v -0.001741 0.010383 -0.056632 0.465454 0.853899 -0.0008 -0.1774 0.9841
v -0.008298 -0.001136 -0.058714 0.450581 0.827346 -0.0046 -0.176 0.9844
v 0 0.010121 -0.056679 0.469403 0.853295 0 -0.1776 0.9841
v 0.008298 -0.001136 -0.058714 0.488235 0.827346 0.0044 -0.1761 0.9844
v 0.003482 0.010884 -0.056544 0.4773 0.855053 0.0102 -0.1786 0.9839
v 0.001741 0.010383 -0.056632 0.473351 0.853899 0.0008 -0.1774 0.9841
v 0.009295 -0.115719 -0.042431 0.147656 0.01854 0.9953 -0.0168 0.0952
v 0.009295 -0.115719 -0.079883 0.231966 0.003537 1 -0 0
v 0.009295 -0.107131 -0.048487 0.164935 0.035591 0.9782 0.147 0.147
v 0.009295 -0.115719 -0.079883 0.231966 0.003537 1 -0 0
v 0.009295 -0.105051 -0.049854 0.168896 0.039742 0.9842 0.0642 0.1648
v 0.009295 -0.107131 -0.048487 0.164935 0.035591 0.9782 0.147 0.147
v -0.009295 -0.115719 -0.042431 0.087276 0.01854 -0.9953 -0.0168 0.0952
v -0.009295 -0.107923 -0.043878 0.080882 0.035606 -0.98 0.1798 -0.0848
v -0.009295 -0.108387 -0.046241 0.075635 0.033641 -0.9819 0.1872 0.0303
v -0.009295 -0.105051 -0.049854 0.066036 0.039742 -0.9842 0.0642 0.1648
v -0.009295 -0.103214 -0.050431 0.063981 0.043653 -0.9908 0.0049 0.1349
v -0.009295 -0.115719 -0.079883 0.002966 0.003537 -1 0 0
v 0 0.007353 -0.013163 0.117466 0.304798 0 -0.1736 0.9848
v -0.004182 -0.115719 -0.03544 0.1079 0.021307 -0.3386 -0.1634 0.9267
v 0 -0.115719 -0.034864 0.117466 0.021534 0 -0.1736 0.9848
v 0.009295 -0.104959 -0.040534 0.147626 0.04366 0.9993 0.034 -0.0156
v 0.009295 0.011013 -0.020085 0.147547 0.310234 0.9981 0.0106 -0.06
v 0.008665 0.009801 -0.017403 0.140964 0.308593 0.9248 -0.0661 0.3747
v -0.009295 -0.104959 -0.040534 0.087306 0.04366 -0.9993 0.034 -0.0156
v -0.009295 -0.115719 -0.042431 0.087276 0.01854 -0.9953 -0.0168 0.0952
v -0.008665 -0.115719 -0.039535 0.093967 0.019695 -0.9182 -0.0688 0.3901
v -0.008665 -0.115719 -0.039535 0.093967 0.019695 -0.9182 -0.0688 0.3901
v -0.008665 0.009801 -0.017403 0.093967 0.308593 -0.9248 -0.0661 0.3747
v -0.009295 -0.104959 -0.040534 0.087306 0.04366 -0.9993 0.034 -0.0156
v 0.007726 -0.0078 -0.02092 0.393087 0.670703 0 0.9848 0.1737
v 0.007507 -0.00698 -0.025573 0.403805 0.671195 0 0.9848 0.1736
v 0.006173 -0.008161 -0.018872 0.388371 0.674227 0 0.9848 0.1737
v 0.003837 -0.008404 -0.017493 0.385197 0.679528 0 0.9848 0.1736
v 0.007507 -0.00698 -0.025573 0.403805 0.671195 0 0.9848 0.1736
v 0 -0.008494 -0.016982 0.384022 0.688231 0 0.9848 0.1736
v 0.003837 -0.008404 -0.017493 0.385197 0.679528 0 0.9848 0.1736
v 0.006173 -0.008161 -0.018872 0.388371 0.674227 0 0.9848 0.1737
v 0.007507 -0.00698 -0.025573 0.403805 0.671195 0 0.9848 0.1736
v -0.003837 -0.008404 -0.017493 0.385203 0.696934 0 0.9848 0.1736
v 0 -0.008494 -0.016982 0.384022 0.688231 0 0.9848 0.1736
v -0.007507 -0.00698 -0.025573 0.403817 0.705253 0 0.9848 0.1736
v -0.007507 -0.00698 -0.025573 0.403817 0.705253 0 0.9848 0.1736
v 0 -0.008494 -0.016982 0.384022 0.688231 0 0.9848 0.1736
v 0.007507 -0.00698 -0.025573 0.403805 0.671195 0 0.9848 0.1736
v -0.007726 -0.0078 -0.02092 0.3931 0.705753 0 0.9848 0.1737
v -0.006173 -0.008161 -0.018872 0.388381 0.702233 0 0.9848 0.1737
v -0.007507 -0.00698 -0.025573 0.403817 0.705253 0 0.9848 0.1736
v -0.006173 -0.008161 -0.018872 0.388381 0.702233 0 0.9848 0.1737
v -0.003837 -0.008404 -0.017493 0.385203 0.696934 0 0.9848 0.1736
v -0.007507 -0.00698 -0.025573 0.403817 0.705253 0 0.9848 0.1736
v -0.007507 -0.00698 -0.025573 0.403817 0.705253 0 0.9848 0.1736
v -0.00826 -0.007385 -0.023272 0.398518 0.706964 0 0.9848 0.1737
v -0.007726 -0.0078 -0.02092 0.3931 0.705753 0 0.9848 0.1737
v -0.007121 -0.006502 -0.028281 0.410054 0.704375 0 0.9848 0.1736
v -0.007507 -0.00698 -0.025573 0.403817 0.705253 0 0.9848 0.1736
v 0.007507 -0.00698 -0.025573 0.403805 0.671195 0 0.9848 0.1736
v 0.007505 -0.006028 -0.030967 0.416228 0.671196 0 0.9848 0.1736
v 0.008288 -0.005608 -0.033351 0.42172 0.669413 0 0.9848 0.1736
v -0.007505 -0.006028 -0.030967 0.416241 0.705243 0 0.9848 0.1736
v 0.008288 -0.005608 -0.033351 0.42172 0.669413 0 0.9848 0.1736
v 0.008298 -0.001136 -0.058714 0.480201 0.669363 0 0.9848 0.1736
v -0.008298 -0.001136 -0.058714 0.480151 0.707017 0 0.9848 0.1736
v -0.007505 -0.006028 -0.030967 0.416241 0.705243 0 0.9848 0.1736
v 0.008288 -0.005608 -0.033351 0.42172 0.669413 0 0.9848 0.1736
v -0.008288 -0.005608 -0.033351 0.421732 0.707017 0 0.9848 0.1736
v 0.007121 -0.006502 -0.028281 0.410042 0.672068 0 0.9848 0.1736
v 0.007505 -0.006028 -0.030967 0.416228 0.671196 0 0.9848 0.1736
v -0.007505 -0.006028 -0.030967 0.416241 0.705243 0 0.9848 0.1736
v -0.008298 -0.001136 -0.058714 0.480151 0.707017 0 0.9848 0.1736
v -0.008288 -0.005608 -0.033351 0.421732 0.707017 0 0.9848 0.1736
v 0.008288 -0.005608 -0.033351 0.42172 0.669413 0 0.9848 0.1736
v 0.008484 0.009623 -0.027983 0.165014 0.304022 0.9765 -0.0374 0.212
v 0.008484 -0.10365 -0.047957 0.164977 0.043809 0.9698 -0.0067 0.2437
v 0.009295 -0.103214 -0.050431 0.170951 0.043654 0.9908 0.0049 0.1349
v -0.008484 0.009623 -0.027983 0.069919 0.304023 -0.9765 -0.0374 0.212
v -0.008484 -0.10365 -0.047957 0.069955 0.043809 -0.9698 -0.0067 0.2437
v -0.008132 -0.104086 -0.045482 0.075641 0.043901 -0.9995 0.0319 0.0005
v -0.008665 -0.115719 -0.039535 0.093967 0.019695 -0.9182 -0.0688 0.3901
v -0.006869 -0.115719 -0.03708 0.100793 0.020661 -0.6823 -0.1269 0.7199
v -0.006869 0.008457 -0.015185 0.100793 0.306466 -0.6926 -0.1253 0.7103
v 0.008484 -0.104523 -0.043008 0.153601 0.043811 0.9702 0.0989 -0.2212
v 0.008132 -0.104086 -0.045482 0.15929 0.043902 0.9995 0.0319 0.0005
v 0.008132 0.010524 -0.025308 0.159331 0.307088 0.9992 0.0069 -0.039
v 0.008566 -0.105623 -0.043351 0.15396 0.041239 0.9516 0.2082 -0.2261
v 0.009295 -0.106507 -0.041833 0.149952 0.039642 0.9843 0.1238 -0.1255
v 0.009295 -0.107923 -0.043878 0.15405 0.035606 0.98 0.1798 -0.0848
v 0.009295 -0.105051 -0.049854 0.168896 0.039742 0.9842 0.0642 0.1648
v 0.009295 -0.103214 -0.050431 0.170951 0.043654 0.9908 0.0049 0.1349
v 0.008484 -0.10365 -0.047957 0.164977 0.043809 0.9698 -0.0067 0.2437
v 0.009295 -0.107923 -0.043878 0.15405 0.035606 0.98 0.1798 -0.0848
v 0.009295 -0.108387 -0.046241 0.159297 0.033642 0.9819 0.1872 0.0303
v 0.008647 -0.107186 -0.046029 0.159299 0.036787 0.9247 0.3787 0.0404
v 0.008647 -0.107186 -0.046029 0.159299 0.036787 0.9247 0.3787 0.0404
v 0.009295 -0.108387 -0.046241 0.159297 0.033642 0.9819 0.1872 0.0303
v 0.009295 -0.107131 -0.048487 0.164935 0.035591 0.9782 0.147 0.147
v 0.008213 -0.105294 -0.045661 0.159218 0.041181 0.992 0.1258 -0.0083
v 0.008647 -0.107186 -0.046029 0.159299 0.036787 0.9247 0.3787 0.0404
v 0.008484 -0.106173 -0.047463 0.162761 0.038544 0.9335 0.2439 0.2628
v 0.008566 -0.105623 -0.043351 0.15396 0.041239 0.9516 0.2082 -0.2261
v 0.008213 -0.105294 -0.045661 0.159218 0.041181 0.992 0.1258 -0.0083
v 0.008132 -0.104086 -0.045482 0.15929 0.043902 0.9995 0.0319 0.0005
v 0.008647 -0.106754 -0.044469 0.156022 0.038318 0.9344 0.3173 -0.1621
v 0.008647 -0.107186 -0.046029 0.159299 0.036787 0.9247 0.3787 0.0404
v 0.008213 -0.105294 -0.045661 0.159218 0.041181 0.992 0.1258 -0.0083
v 0.008132 -0.104086 -0.045482 0.15929 0.043902 0.9995 0.0319 0.0005
v 0.008213 -0.105294 -0.045661 0.159218 0.041181 0.992 0.1258 -0.0083
v 0.008484 -0.104879 -0.047954 0.16442 0.041115 0.9548 0.0772 0.2871
v 0.009295 -0.107131 -0.048487 0.164935 0.035591 0.9782 0.147 0.147
v 0.009295 -0.105051 -0.049854 0.168896 0.039742 0.9842 0.0642 0.1648
v 0.008484 -0.104879 -0.047954 0.16442 0.041115 0.9548 0.0772 0.2871
v 0.008484 -0.104523 -0.043008 0.153601 0.043811 0.9702 0.0989 -0.2212
v 0.009295 -0.104959 -0.040534 0.147626 0.04366 0.9993 0.034 -0.0156
v 0.009295 -0.106507 -0.041833 0.149952 0.039642 0.9843 0.1238 -0.1255
v 0.006869 0.008457 -0.015185 0.134138 0.306465 0.6926 -0.1253 0.7103
v 0.006869 -0.115719 -0.03708 0.134139 0.020662 0.6823 -0.1269 0.7199
v 0.008665 -0.115719 -0.039535 0.140965 0.019696 0.9182 -0.0688 0.3901
v 0.004182 0.007647 -0.013687 0.127032 0.305248 0.3445 -0.163 0.9245
v 0.004182 -0.115719 -0.03544 0.127032 0.021308 0.3386 -0.1634 0.9267
v 0.006869 -0.115719 -0.03708 0.134139 0.020662 0.6823 -0.1269 0.7199
v 0 0.007353 -0.013163 0.117466 0.304798 0 -0.1736 0.9848
v 0 -0.115719 -0.034864 0.117466 0.021534 0 -0.1736 0.9848
v 0.004182 -0.115719 -0.03544 0.127032 0.021308 0.3386 -0.1634 0.9267
v 0.008132 -0.104086 -0.045482 0.15929 0.043902 0.9995 0.0319 0.0005
v 0.008484 -0.10365 -0.047957 0.164977 0.043809 0.9698 -0.0067 0.2437
v 0.008484 0.009623 -0.027983 0.165014 0.304022 0.9765 -0.0374 0.212
v -0.006963 0.014144 -0.031511 0.059786 0.314492 -0.6518 0.7583 0.0157
v -0.006963 0.014611 -0.056902 0.002966 0.305867 -0.6264 0.7794 0.0143
v -0.008015 0.013768 -0.057051 0.002966 0.302811 -0.7229 0.6908 0.0128
v -0.006869 -0.115719 -0.03708 0.100793 0.020661 -0.6823 -0.1269 0.7199
v -0.004182 -0.115719 -0.03544 0.1079 0.021307 -0.3386 -0.1634 0.9267
v -0.004182 0.007647 -0.013687 0.1079 0.305249 -0.3445 -0.163 0.9245
v 0.009295 -0.104959 -0.040534 0.147626 0.04366 0.9993 0.034 -0.0156
v 0.008484 -0.104523 -0.043008 0.153601 0.043811 0.9702 0.0989 -0.2212
v 0.008484 0.011177 -0.022607 0.153498 0.309612 0.9712 0.0414 -0.2348
v -0.009295 -0.104959 -0.040534 0.087306 0.04366 -0.9993 0.034 -0.0156
v -0.009295 0.011013 -0.020085 0.087385 0.310234 -0.9981 0.0106 -0.06
v -0.008484 0.011177 -0.022607 0.081434 0.309613 -0.9712 0.0414 -0.2348
v -0.008132 0.010524 -0.025308 0.075601 0.307089 -0.9992 0.0069 -0.039
v -0.008132 -0.104086 -0.045482 0.075641 0.043901 -0.9995 0.0319 0.0005
v -0.008484 -0.104523 -0.043008 0.08133 0.04381 -0.9702 0.0989 -0.2212
v -0.008922 0.011823 -0.030775 0.062565 0.30792 -0.9335 0.3584 0.0124
v -0.008793 0.012746 -0.05723 0.002966 0.299886 -0.8727 0.4881 0.0101
v -0.009295 0.011543 -0.057443 0.002966 0.296906 -0.9841 0.1775 0.0042
v -0.008145 0.013119 -0.031141 0.061185 0.311146 -0.7792 0.6266 0.0148
v -0.008015 0.013768 -0.057051 0.002966 0.302811 -0.7229 0.6908 0.0128
v -0.008793 0.012746 -0.05723 0.002966 0.299886 -0.8727 0.4881 0.0101
v -0.008566 -0.105623 -0.043351 0.080971 0.041238 -0.9516 0.2082 -0.2261
v -0.008647 -0.106754 -0.044469 0.07891 0.038318 -0.9344 0.3173 -0.1621
v -0.009295 -0.107923 -0.043878 0.080882 0.035606 -0.98 0.1798 -0.0848
v -0.009295 -0.105051 -0.049854 0.066036 0.039742 -0.9842 0.0642 0.1648
v -0.008484 -0.104879 -0.047954 0.070511 0.041115 -0.9548 0.0772 0.2871
v -0.008484 -0.10365 -0.047957 0.069955 0.043809 -0.9698 -0.0067 0.2437
v -0.008647 -0.107186 -0.046029 0.075633 0.036786 -0.9247 0.3787 0.0404
v -0.009295 -0.108387 -0.046241 0.075635 0.033641 -0.9819 0.1872 0.0303
v -0.009295 -0.107923 -0.043878 0.080882 0.035606 -0.98 0.1798 -0.0848
v -0.008647 -0.107186 -0.046029 0.075633 0.036786 -0.9247 0.3787 0.0404
v -0.008484 -0.106173 -0.047463 0.072171 0.038543 -0.9335 0.2439 0.2628
v -0.009295 -0.107131 -0.048487 0.069996 0.03559 -0.9782 0.147 0.147
v -0.008213 -0.105294 -0.045661 0.075714 0.04118 -0.992 0.1258 -0.0083
v -0.008484 -0.104879 -0.047954 0.070511 0.041115 -0.9548 0.0772 0.2871
v -0.008484 -0.106173 -0.047463 0.072171 0.038543 -0.9335 0.2439 0.2628
v -0.008566 -0.105623 -0.043351 0.080971 0.041238 -0.9516 0.2082 -0.2261
v -0.008484 -0.104523 -0.043008 0.08133 0.04381 -0.9702 0.0989 -0.2212
v -0.008132 -0.104086 -0.045482 0.075641 0.043901 -0.9995 0.0319 0.0005
v -0.008647 -0.106754 -0.044469 0.07891 0.038318 -0.9344 0.3173 -0.1621
v -0.008566 -0.105623 -0.043351 0.080971 0.041238 -0.9516 0.2082 -0.2261
v -0.008213 -0.105294 -0.045661 0.075714 0.04118 -0.992 0.1258 -0.0083
v -0.008132 -0.104086 -0.045482 0.075641 0.043901 -0.9995 0.0319 0.0005
v -0.008484 -0.10365 -0.047957 0.069955 0.043809 -0.9698 -0.0067 0.2437
v -0.008484 -0.104879 -0.047954 0.070511 0.041115 -0.9548 0.0772 0.2871
v -0.009295 -0.107131 -0.048487 0.069996 0.03559 -0.9782 0.147 0.147
v -0.008484 -0.106173 -0.047463 0.072171 0.038543 -0.9335 0.2439 0.2628
v -0.008484 -0.104879 -0.047954 0.070511 0.041115 -0.9548 0.0772 0.2871
v -0.008484 -0.104523 -0.043008 0.08133 0.04381 -0.9702 0.0989 -0.2212
v -0.008566 -0.105623 -0.043351 0.080971 0.041238 -0.9516 0.2082 -0.2261
v -0.009295 -0.106507 -0.041833 0.08498 0.039641 -0.9843 0.1238 -0.1255
v 0.009295 -0.115719 -0.079883 0.100825 0.892611 -0 0.1736 -0.9848
v -0.009295 -0.115719 -0.079883 0.057552 0.892611 -0 0.1736 -0.9848
v 0 0.010295 -0.057664 0.079188 0.609658 -0 0.1736 -0.9848
v -0.009295 -0.115719 -0.079883 0.057552 0.892611 -0 0.1736 -0.9848
v -0.009295 0.011543 -0.057443 0.057552 0.606857 -0.0001 0.1739 -0.9848
v -0.001741 0.010557 -0.057617 0.074265 0.609007 -0 0.1736 -0.9848
v -0.009295 0.011543 -0.057443 0.057552 0.606857 -0.0001 0.1739 -0.9848
v -0.008793 0.012746 -0.05723 0.058651 0.604151 -0.0002 0.174 -0.9848
v -0.005556 0.012508 -0.057273 0.065812 0.604659 -0.0001 0.1737 -0.9848
v -0.008793 0.012746 -0.05723 0.058651 0.604151 -0.0002 0.174 -0.9848
v -0.008015 0.013768 -0.057051 0.060363 0.60185 -0.0002 0.1733 -0.9849
v -0.005556 0.012508 -0.057273 0.065812 0.604659 -0.0001 0.1737 -0.9848
v -0.008015 0.013768 -0.057051 0.060363 0.60185 -0.0002 0.1733 -0.9849
v -0.006963 0.014611 -0.056902 0.062682 0.599949 -0 0.1736 -0.9848
v -0.005556 0.012508 -0.057273 0.065812 0.604659 -0.0001 0.1737 -0.9848
v -0.005556 0.012508 -0.057273 0.065812 0.604659 -0.0001 0.1737 -0.9848
v -0.003482 0.011058 -0.057529 0.070411 0.607898 0 0.1737 -0.9848
v -0.009295 0.011543 -0.057443 0.057552 0.606857 -0.0001 0.1739 -0.9848
v -0.009295 -0.115719 -0.079883 0.057552 0.892611 -0 0.1736 -0.9848
v -0.001741 0.010557 -0.057617 0.074265 0.609007 -0 0.1736 -0.9848
v 0 0.010295 -0.057664 0.079188 0.609658 -0 0.1736 -0.9848
v 0.008793 0.012746 -0.05723 0.099726 0.604066 0.0002 0.174 -0.9848
v 0.009295 0.011543 -0.057443 0.100825 0.606773 0.0001 0.1739 -0.9848
v 0.005556 0.012508 -0.057273 0.092562 0.604574 0.0001 0.1737 -0.9848
v 0.009295 0.011543 -0.057443 0.100825 0.606773 0.0001 0.1739 -0.9848
v 0.009295 -0.115719 -0.079883 0.100825 0.892611 -0 0.1736 -0.9848
v 0.001741 0.010557 -0.057617 0.084108 0.608924 -0 0.1736 -0.9848
v 0.005556 0.012508 -0.057273 0.092562 0.604574 0.0001 0.1737 -0.9848
v 0.009295 0.011543 -0.057443 0.100825 0.606773 0.0001 0.1739 -0.9848
v 0.003482 0.011058 -0.057529 0.087963 0.607814 0 0.1737 -0.9848
v 0.006963 0.014611 -0.056902 0.095694 0.599863 -0 0.1736 -0.9848
v 0.008015 0.013768 -0.057051 0.098014 0.601764 0.0002 0.1733 -0.9849
v 0.005556 0.012508 -0.057273 0.092562 0.604574 0.0001 0.1737 -0.9848
v 0.008015 0.013768 -0.057051 0.098014 0.601764 0.0002 0.1733 -0.9849
v 0.008793 0.012746 -0.05723 0.099726 0.604066 0.0002 0.174 -0.9848
v 0.005556 0.012508 -0.057273 0.092562 0.604574 0.0001 0.1737 -0.9848
v -0.009295 0.011543 -0.057443 0.057552 0.606857 -0.0001 0.1739 -0.9848
v -0.003482 0.011058 -0.057529 0.070411 0.607898 0 0.1737 -0.9848
v -0.001741 0.010557 -0.057617 0.074265 0.609007 -0 0.1736 -0.9848
v 0.003482 0.011058 -0.057529 0.087963 0.607814 0 0.1737 -0.9848
v 0.009295 0.011543 -0.057443 0.100825 0.606773 0.0001 0.1739 -0.9848
v 0.001741 0.010557 -0.057617 0.084108 0.608924 -0 0.1736 -0.9848
v 0.008015 0.013768 -0.057051 0.231966 0.30281 0.7229 0.6908 0.0128
v 0.006963 0.014611 -0.056902 0.231966 0.305866 0.6264 0.7794 0.0143
v 0.006963 0.014144 -0.031511 0.175147 0.314491 0.6518 0.7583 0.0157
v 0.008484 0.009623 -0.027983 0.217022 0.616807 0.037 0.9983 -0.0448
v 0.009295 0.010255 -0.030423 0.211383 0.616807 -0.0991 0.9708 0.2185
v 0.008281 0.010177 -0.030538 0.211383 0.614668 -0.0794 0.9729 0.2174
v 0.008132 0.010524 -0.025308 0.223541 0.616807 -0.0052 0.9653 -0.261
v 0.008484 0.009623 -0.027983 0.217022 0.616807 0.037 0.9983 -0.0448
v 0.007504 0.009661 -0.028196 0.217022 0.614668 0.0353 0.9982 -0.048
v 0 0.007353 -0.013163 0.268859 0.616807 0 0.9843 0.1764
v 0.004182 0.007647 -0.013687 0.258255 0.616807 -0.1091 0.9693 0.2205
v 0.00383 0.007814 -0.014631 0.258255 0.614668 -0.1153 0.9703 0.2127
v 0.008484 0.011177 -0.022607 0.229874 0.616807 -0.0488 0.9963 -0.0708
v 0.007509 0.011136 -0.022371 0.229874 0.614668 -0.0583 0.9962 -0.0652
v 0.008261 0.011002 -0.020023 0.235514 0.614668 -0.01 0.9688 0.2475
v 0.008484 0.011177 -0.022607 0.229874 0.616807 -0.0488 0.9963 -0.0708
v 0.008132 0.010524 -0.025308 0.223541 0.616807 -0.0052 0.9653 -0.261
v 0.00712 0.010517 -0.025268 0.223541 0.614668 -0.0253 0.967 -0.2534
v 0.008145 0.013119 -0.031141 0.173748 0.311145 0.7792 0.6266 0.0148
v 0.008922 0.011823 -0.030775 0.172368 0.30792 0.9335 0.3584 0.0124
v 0.008793 0.012746 -0.05723 0.231966 0.299885 0.8727 0.4881 0.0101
v 0.008922 0.011823 -0.030775 0.828901 0.237369 -0.1068 0.1964 0.9747
v 0.008001 0.011406 -0.030787 0.826721 0.237369 -0.1163 0.1941 0.9741
v 0.008281 0.010177 -0.030538 0.826721 0.233876 -0.1138 0.1851 0.9761
v 0.004182 0.007647 -0.013687 0.258255 0.616807 -0.1091 0.9693 0.2205
v 0.006869 0.008457 -0.015185 0.250421 0.616807 -0.1731 0.9199 0.3518
v 0.006162 0.008585 -0.01591 0.250421 0.614668 -0.1919 0.921 0.339
v 0.006869 0.008457 -0.015185 0.250421 0.616807 -0.1731 0.9199 0.3518
v 0.008665 0.009801 -0.017403 0.242714 0.616807 -0.097 0.8954 0.4346
v 0.007717 0.009869 -0.017787 0.242714 0.614668 -0.1256 0.8929 0.4323
v 0.008665 0.009801 -0.017403 0.242714 0.616807 -0.097 0.8954 0.4346
v 0.009295 0.011013 -0.020085 0.235514 0.616807 0.0044 0.9699 0.2436
v 0.008261 0.011002 -0.020023 0.235514 0.614668 -0.01 0.9688 0.2475
v 0 0.010295 -0.057664 0.292803 0.924666 0 0.9848 0.1736
v 0 0.010121 -0.056679 0.295149 0.924666 0 0.9848 0.1736
v 0.001741 0.010383 -0.056632 0.295148 0.928797 -0.2162 0.9615 0.1695
v 0.005556 0.012508 -0.057273 0.292803 0.939015 -0.7347 0.6713 0.0978
v 0.005556 0.012334 -0.056288 0.295148 0.939015 -0.7414 0.6609 0.1165
v 0.006352 0.01373 -0.056087 0.295044 0.942812 -0.8286 0.5597 0.008
v 0.003482 0.011058 -0.057529 0.292803 0.933049 -0.4356 0.8865 0.1563
v 0.003482 0.010884 -0.056544 0.295148 0.93305 -0.4356 0.8865 0.1563
v 0.005556 0.012334 -0.056288 0.295148 0.939015 -0.7414 0.6609 0.1165
v 0.001741 0.010557 -0.057617 0.292803 0.928796 -0.2162 0.9615 0.1695
v 0.001741 0.010383 -0.056632 0.295148 0.928797 -0.2162 0.9615 0.1695
v 0.003482 0.010884 -0.056544 0.295148 0.93305 -0.4356 0.8865 0.1563
v 0.006963 0.014144 -0.031511 0.828901 0.244277 -0.1892 0.1586 0.969
v 0.006323 0.013376 -0.031526 0.826721 0.244277 -0.2069 0.1537 0.9662
v 0.007378 0.01246 -0.031155 0.826721 0.240708 -0.1896 0.1884 0.9636
v 0.008145 0.013119 -0.031141 0.828901 0.240708 -0.161 0.1894 0.9686
v 0.007378 0.01246 -0.031155 0.826721 0.240708 -0.1896 0.1884 0.9636
v 0.008001 0.011406 -0.030787 0.826721 0.237369 -0.1163 0.1941 0.9741
v -0.008484 0.009623 -0.027983 0.320132 0.616807 -0.037 0.9983 -0.0448
v -0.007504 0.009661 -0.028196 0.320132 0.614668 -0.0353 0.9982 -0.048
v -0.008281 0.010177 -0.030538 0.325897 0.614668 0.0794 0.9729 0.2174
v -0.008132 0.010524 -0.025308 0.313529 0.616807 0.0052 0.9653 -0.261
v -0.00712 0.010517 -0.025268 0.313529 0.614668 0.0253 0.967 -0.2534
v -0.007504 0.009661 -0.028196 0.320132 0.614668 -0.0353 0.9982 -0.048
v 0 0.007353 -0.013163 0.268859 0.616807 0 0.9843 0.1764
v 0 0.007529 -0.014157 0.268859 0.614668 0 0.9848 0.1736
v -0.00383 0.007814 -0.014631 0.279313 0.614668 0.1153 0.9703 0.2127
v -0.008484 0.011177 -0.022607 0.307075 0.616807 0.0488 0.9963 -0.0708
v -0.009295 0.011013 -0.020085 0.301311 0.616807 -0.0044 0.9699 0.2436
v -0.008261 0.011002 -0.020023 0.301311 0.614668 0.01 0.9688 0.2475
v -0.008484 0.011177 -0.022607 0.307075 0.616807 0.0488 0.9963 -0.0708
v -0.007509 0.011136 -0.022371 0.307075 0.614668 0.0583 0.9962 -0.0652
v -0.00712 0.010517 -0.025268 0.313529 0.614668 0.0253 0.967 -0.2534
v -0.006963 0.014144 -0.031511 0.351958 0.904319 0.7693 0.6389 0.0084
v -0.006323 0.013376 -0.031526 0.351958 0.906643 0.7679 0.6406 0.0084
v -0.006351 0.01373 -0.056087 0.295045 0.90652 0.8285 0.56 0.0078
v -0.009295 0.010255 -0.030423 0.369328 0.041449 0.1138 0.1807 0.9769
v -0.008281 0.010177 -0.030538 0.369328 0.043601 0.1236 0.1698 0.9777
v -0.008001 0.011406 -0.030787 0.365859 0.043601 0.1185 0.2215 0.9679
v -0.004182 0.007647 -0.013687 0.279313 0.616807 0.1091 0.9693 0.2205
v -0.00383 0.007814 -0.014631 0.279313 0.614668 0.1153 0.9703 0.2127
v -0.006162 0.008585 -0.01591 0.286947 0.614668 0.1919 0.921 0.339
v -0.006869 0.008457 -0.015185 0.286947 0.616807 0.1731 0.9199 0.3518
v -0.006162 0.008585 -0.01591 0.286947 0.614668 0.1919 0.921 0.339
v -0.007717 0.009869 -0.017787 0.294404 0.614668 0.1256 0.8929 0.4323
v -0.008665 0.009801 -0.017403 0.294404 0.616807 0.097 0.8954 0.4346
v -0.007717 0.009869 -0.017787 0.294404 0.614668 0.1256 0.8929 0.4323
v -0.008261 0.011002 -0.020023 0.301311 0.614668 0.01 0.9688 0.2475
v -0.001741 0.010557 -0.057617 0.292803 0.920535 0.2162 0.9615 0.1695
v -0.001741 0.010383 -0.056632 0.295149 0.920536 0.2162 0.9615 0.1695
v 0 0.010121 -0.056679 0.295149 0.924666 0 0.9848 0.1736
v -0.005556 0.012508 -0.057273 0.292804 0.910317 0.7347 0.6713 0.0977
v -0.006963 0.014611 -0.056902 0.29278 0.904319 0.8224 0.5689 -0.0036
v -0.006351 0.01373 -0.056087 0.295045 0.90652 0.8285 0.56 0.0078
v -0.005556 0.012508 -0.057273 0.292804 0.910317 0.7347 0.6713 0.0977
v -0.005556 0.012334 -0.056288 0.295149 0.910317 0.7415 0.6607 0.1165
v -0.003482 0.010884 -0.056544 0.295149 0.916282 0.4356 0.8865 0.1563
v -0.003482 0.011058 -0.057529 0.292804 0.916282 0.4356 0.8865 0.1563
v -0.003482 0.010884 -0.056544 0.295149 0.916282 0.4356 0.8865 0.1563
v -0.001741 0.010383 -0.056632 0.295149 0.920536 0.2162 0.9615 0.1695
v -0.006963 0.014144 -0.031511 0.358779 0.041449 0.1892 0.1586 0.969
v -0.008145 0.013119 -0.031141 0.362473 0.041449 0.1639 0.1699 0.9717
v -0.007378 0.01246 -0.031155 0.362473 0.043601 0.1651 0.1833 0.9691
v -0.008922 0.011823 -0.030775 0.365859 0.041449 0.1235 0.2091 0.9701
v -0.008001 0.011406 -0.030787 0.365859 0.043601 0.1185 0.2215 0.9679
v -0.007378 0.01246 -0.031155 0.362473 0.043601 0.1651 0.1833 0.9691
v 0.008922 0.011823 -0.030775 0.172368 0.30792 0.9335 0.3584 0.0124
v 0.009295 0.010255 -0.030423 0.170967 0.304471 0.9922 0.0543 0.1119
v 0.009295 0.011543 -0.057443 0.231966 0.296905 0.9841 0.1775 0.0042
v 0.006963 0.014144 -0.031511 0.351958 0.945013 -0.7693 0.6389 0.0084
v 0.006963 0.014611 -0.056902 0.292779 0.945013 -0.8226 0.5686 -0.0033
v 0.006352 0.01373 -0.056087 0.295044 0.942812 -0.8286 0.5597 0.008
v -0.008484 0.009623 -0.027983 0.069919 0.304023 -0.9765 -0.0374 0.212
v -0.009295 0.010255 -0.030423 0.063966 0.304471 -0.9922 0.0543 0.1119
v -0.009295 -0.103214 -0.050431 0.063981 0.043653 -0.9908 0.0049 0.1349
v 0 0.007353 -0.013163 0.117466 0.304798 0 -0.1736 0.9848
v -0.004182 0.007647 -0.013687 0.1079 0.305249 -0.3445 -0.163 0.9245
v -0.004182 -0.115719 -0.03544 0.1079 0.021307 -0.3386 -0.1634 0.9267
v -0.007322 0.013006 -0.056221 0.501522 0.232562 0.7184 -0.6956 -0.0118
v -0.006323 0.013376 -0.031526 0.443592 0.235517 0.6512 -0.7588 -0.015
v -0.007378 0.01246 -0.031155 0.443592 0.232562 0.7839 -0.6207 -0.014
v -0.00826 -0.007385 -0.023272 0.420035 0.191339 0.999 -0.0081 0.045
v -0.007509 0.011136 -0.022371 0.425524 0.22677 0.9712 -0.0414 0.2348
v -0.008261 0.011002 -0.020023 0.420019 0.22677 0.9981 -0.0107 0.0607
v -0.006173 -0.008161 -0.018872 0.408723 0.191339 0.6704 0.1287 -0.7308
v -0.00383 0.007814 -0.014631 0.402597 0.22677 0.3445 0.1631 -0.9245
v -0.003837 -0.008404 -0.017493 0.402612 0.191339 0.3308 0.1638 -0.9294
v -0.007726 -0.0078 -0.02092 0.414545 0.191339 0.9087 0.0723 -0.4112
v -0.006162 0.008585 -0.01591 0.408691 0.22677 0.6926 0.1254 -0.7103
v -0.006173 -0.008161 -0.018872 0.408723 0.191339 0.6704 0.1287 -0.7308
v -0.0083 0.011247 -0.056574 0.501529 0.22677 0.9858 -0.1678 -0.0042
v -0.008001 0.011406 -0.030787 0.443592 0.229995 0.9373 -0.3484 -0.0114
v -0.008281 0.010177 -0.030538 0.443592 0.22677 0.9922 -0.0516 -0.1135
v -0.007926 0.012186 -0.056371 0.501469 0.229995 0.8811 -0.4728 -0.0098
v -0.007378 0.01246 -0.031155 0.443592 0.232562 0.7839 -0.6207 -0.014
v -0.008001 0.011406 -0.030787 0.443592 0.229995 0.9373 -0.3484 -0.0114
v -0.00826 -0.007385 -0.023272 0.420035 0.191339 0.999 -0.0081 0.045
v -0.007717 0.009869 -0.017787 0.414501 0.22677 0.9251 0.066 -0.3738
v -0.007726 -0.0078 -0.02092 0.414545 0.191339 0.9087 0.0723 -0.4112
v 0 0.007529 -0.014157 0.393927 0.22677 0 0.1737 -0.9848
v -0.003837 -0.008404 -0.017493 0.402612 0.191339 0.3308 0.1638 -0.9294
v -0.00383 0.007814 -0.014631 0.402597 0.22677 0.3445 0.1631 -0.9245
v -0.007504 0.009661 -0.028196 0.43794 0.22677 0.9766 0.0374 -0.2116
v -0.008288 -0.005608 -0.033351 0.443658 0.191339 0.9878 0.027 -0.1537
v -0.008281 0.010177 -0.030538 0.443592 0.22677 0.9922 -0.0516 -0.1135
v -0.007121 -0.006502 -0.028281 0.431772 0.191339 1 -0.0001 -0.0002
v -0.007504 0.009661 -0.028196 0.43794 0.22677 0.9766 0.0374 -0.2116
v -0.00712 0.010517 -0.025268 0.431744 0.22677 0.9992 -0.0068 0.0385
v -0.008288 -0.005608 -0.033351 0.443658 0.191339 0.9878 0.027 -0.1537
v -0.0083 0.011247 -0.056574 0.501529 0.22677 0.9858 -0.1678 -0.0042
v -0.008281 0.010177 -0.030538 0.443592 0.22677 0.9922 -0.0516 -0.1135
v -0.007507 -0.00698 -0.025573 0.425543 0.191339 0.9746 -0.0389 0.2204
v -0.00712 0.010517 -0.025268 0.431744 0.22677 0.9992 -0.0068 0.0385
v -0.007509 0.011136 -0.022371 0.425524 0.22677 0.9712 -0.0414 0.2348
v -0.007322 0.013006 -0.056221 0.501522 0.232562 0.7184 -0.6956 -0.0118
v -0.006351 0.01373 -0.056087 0.501672 0.235517 0.5993 -0.8005 -0.0122
v -0.006323 0.013376 -0.031526 0.443592 0.235517 0.6512 -0.7588 -0.015
v -0.00826 -0.007385 -0.023272 0.420035 0.191339 0.999 -0.0081 0.045
v -0.007507 -0.00698 -0.025573 0.425543 0.191339 0.9746 -0.0389 0.2204
v -0.007509 0.011136 -0.022371 0.425524 0.22677 0.9712 -0.0414 0.2348
v -0.006173 -0.008161 -0.018872 0.408723 0.191339 0.6704 0.1287 -0.7308
v -0.006162 0.008585 -0.01591 0.408691 0.22677 0.6926 0.1254 -0.7103
v -0.00383 0.007814 -0.014631 0.402597 0.22677 0.3445 0.1631 -0.9245
v -0.007726 -0.0078 -0.02092 0.414545 0.191339 0.9087 0.0723 -0.4112
v -0.007717 0.009869 -0.017787 0.414501 0.22677 0.9251 0.066 -0.3738
v -0.006162 0.008585 -0.01591 0.408691 0.22677 0.6926 0.1254 -0.7103
v -0.0083 0.011247 -0.056574 0.501529 0.22677 0.9858 -0.1678 -0.0042
v -0.007926 0.012186 -0.056371 0.501469 0.229995 0.8811 -0.4728 -0.0098
v -0.008001 0.011406 -0.030787 0.443592 0.229995 0.9373 -0.3484 -0.0114
v -0.007926 0.012186 -0.056371 0.501469 0.229995 0.8811 -0.4728 -0.0098
v -0.007322 0.013006 -0.056221 0.501522 0.232562 0.7184 -0.6956 -0.0118
v -0.007378 0.01246 -0.031155 0.443592 0.232562 0.7839 -0.6207 -0.014
v -0.00826 -0.007385 -0.023272 0.420035 0.191339 0.999 -0.0081 0.045
v -0.008261 0.011002 -0.020023 0.420019 0.22677 0.9981 -0.0107 0.0607
v -0.007717 0.009869 -0.017787 0.414501 0.22677 0.9251 0.066 -0.3738
v 0 0.007529 -0.014157 0.393927 0.22677 0 0.1737 -0.9848
v 0 -0.008494 -0.016982 0.393927 0.191339 -0 0.1736 -0.9848
v -0.003837 -0.008404 -0.017493 0.402612 0.191339 0.3308 0.1638 -0.9294
v -0.007504 0.009661 -0.028196 0.43794 0.22677 0.9766 0.0374 -0.2116
v -0.007505 -0.006028 -0.030967 0.437951 0.191339 0.9745 0.039 -0.2211
v -0.008288 -0.005608 -0.033351 0.443658 0.191339 0.9878 0.027 -0.1537
v -0.007121 -0.006502 -0.028281 0.431772 0.191339 1 -0.0001 -0.0002
v -0.007505 -0.006028 -0.030967 0.437951 0.191339 0.9745 0.039 -0.2211
v -0.007504 0.009661 -0.028196 0.43794 0.22677 0.9766 0.0374 -0.2116
v -0.008288 -0.005608 -0.033351 0.443658 0.191339 0.9878 0.027 -0.1537
v -0.008298 -0.001136 -0.058714 0.501434 0.191339 1 0.0003 -0.0003
v -0.0083 0.011247 -0.056574 0.501529 0.22677 0.9858 -0.1678 -0.0042
v -0.007507 -0.00698 -0.025573 0.425543 0.191339 0.9746 -0.0389 0.2204
v -0.007121 -0.006502 -0.028281 0.431772 0.191339 1 -0.0001 -0.0002
v -0.00712 0.010517 -0.025268 0.431744 0.22677 0.9992 -0.0068 0.0385
v 0.007322 0.013006 -0.056221 1.50152 0.232562 -0.7184 -0.6955 -0.0118
v 0.007378 0.01246 -0.031155 1.44359 0.232562 -0.7839 -0.6207 -0.014
v 0.006323 0.013376 -0.031526 1.44359 0.235517 -0.6512 -0.7588 -0.015
v 0.00826 -0.007385 -0.023272 1.42004 0.191339 -0.999 -0.0081 0.045
v 0.008261 0.011002 -0.020023 1.42002 0.22677 -0.9981 -0.0107 0.0607
v 0.007509 0.011136 -0.022371 1.42552 0.22677 -0.9712 -0.0414 0.2348
v 0.006173 -0.008161 -0.018872 1.40872 0.191339 -0.6704 0.1287 -0.7308
v 0.003837 -0.008404 -0.017493 1.40261 0.191339 -0.3308 0.1638 -0.9294
v 0.00383 0.007814 -0.014631 1.4026 0.22677 -0.3445 0.1631 -0.9245
v 0.007726 -0.0078 -0.02092 1.41455 0.191339 -0.9087 0.0723 -0.4112
v 0.006173 -0.008161 -0.018872 1.40872 0.191339 -0.6704 0.1287 -0.7308
v 0.006162 0.008585 -0.01591 1.40869 0.22677 -0.6926 0.1254 -0.7103
v 0.008303 0.01123 -0.056572 1.50153 0.22677 -0.9861 -0.1663 -0.0042
v 0.008281 0.010177 -0.030538 1.44359 0.22677 -0.9922 -0.0516 -0.1135
v 0.008001 0.011406 -0.030787 1.44359 0.229995 -0.9373 -0.3484 -0.0113
v 0.007926 0.012186 -0.056371 1.50147 0.229995 -0.882 -0.4711 -0.0097
v 0.008001 0.011406 -0.030787 1.44359 0.229995 -0.9373 -0.3484 -0.0113
v 0.007378 0.01246 -0.031155 1.44359 0.232562 -0.7839 -0.6207 -0.014
v 0.00826 -0.007385 -0.023272 1.42004 0.191339 -0.999 -0.0081 0.045
v 0.007726 -0.0078 -0.02092 1.41455 0.191339 -0.9087 0.0723 -0.4112
v 0.007717 0.009869 -0.017787 1.4145 0.22677 -0.9251 0.066 -0.3738
v 0 0.007529 -0.014157 1.39393 0.22677 0 0.1737 -0.9848
v 0.00383 0.007814 -0.014631 1.4026 0.22677 -0.3445 0.1631 -0.9245
v 0.003837 -0.008404 -0.017493 1.40261 0.191339 -0.3308 0.1638 -0.9294
v 0.007504 0.009661 -0.028196 1.43794 0.22677 -0.9766 0.0374 -0.2116
v 0.008281 0.010177 -0.030538 1.44359 0.22677 -0.9922 -0.0516 -0.1135
v 0.008288 -0.005608 -0.033351 1.44366 0.191339 -0.9878 0.027 -0.1537
v 0.007121 -0.006502 -0.028281 1.43177 0.191339 -1 -0.0001 -0.0002
v 0.00712 0.010517 -0.025268 1.43174 0.22677 -0.9992 -0.0068 0.0385
v 0.007504 0.009661 -0.028196 1.43794 0.22677 -0.9766 0.0374 -0.2116
v 0.008288 -0.005608 -0.033351 1.44366 0.191339 -0.9878 0.027 -0.1537
v 0.008281 0.010177 -0.030538 1.44359 0.22677 -0.9922 -0.0516 -0.1135
v 0.008303 0.01123 -0.056572 1.50153 0.22677 -0.9861 -0.1663 -0.0042
v 0.007507 -0.00698 -0.025573 1.42554 0.191339 -0.9746 -0.0389 0.2204
v 0.007509 0.011136 -0.022371 1.42552 0.22677 -0.9712 -0.0414 0.2348
v 0.00712 0.010517 -0.025268 1.43174 0.22677 -0.9992 -0.0068 0.0385
v 0.007322 0.013006 -0.056221 1.50152 0.232562 -0.7184 -0.6955 -0.0118
v 0.006323 0.013376 -0.031526 1.44359 0.235517 -0.6512 -0.7588 -0.015
v 0.006352 0.01373 -0.056087 1.50167 0.235517 -0.5993 -0.8004 -0.0122
v 0.00826 -0.007385 -0.023272 1.42004 0.191339 -0.999 -0.0081 0.045
v 0.007509 0.011136 -0.022371 1.42552 0.22677 -0.9712 -0.0414 0.2348
v 0.007507 -0.00698 -0.025573 1.42554 0.191339 -0.9746 -0.0389 0.2204
v 0.006173 -0.008161 -0.018872 1.40872 0.191339 -0.6704 0.1287 -0.7308
v 0.00383 0.007814 -0.014631 1.4026 0.22677 -0.3445 0.1631 -0.9245
v 0.006162 0.008585 -0.01591 1.40869 0.22677 -0.6926 0.1254 -0.7103
v 0.007726 -0.0078 -0.02092 1.41455 0.191339 -0.9087 0.0723 -0.4112
v 0.006162 0.008585 -0.01591 1.40869 0.22677 -0.6926 0.1254 -0.7103
v 0.007717 0.009869 -0.017787 1.4145 0.22677 -0.9251 0.066 -0.3738
v 0.008303 0.01123 -0.056572 1.50153 0.22677 -0.9861 -0.1663 -0.0042
v 0.008001 0.011406 -0.030787 1.44359 0.229995 -0.9373 -0.3484 -0.0113
v 0.007926 0.012186 -0.056371 1.50147 0.229995 -0.882 -0.4711 -0.0097
v 0.007926 0.012186 -0.056371 1.50147 0.229995 -0.882 -0.4711 -0.0097
v 0.007378 0.01246 -0.031155 1.44359 0.232562 -0.7839 -0.6207 -0.014
v 0.007322 0.013006 -0.056221 1.50152 0.232562 -0.7184 -0.6955 -0.0118
v 0.00826 -0.007385 -0.023272 1.42004 0.191339 -0.999 -0.0081 0.045
v 0.007717 0.009869 -0.017787 1.4145 0.22677 -0.9251 0.066 -0.3738
v 0.008261 0.011002 -0.020023 1.42002 0.22677 -0.9981 -0.0107 0.0607
v 0 0.007529 -0.014157 1.39393 0.22677 0 0.1737 -0.9848
v 0.003837 -0.008404 -0.017493 1.40261 0.191339 -0.3308 0.1638 -0.9294
v 0 -0.008494 -0.016982 1.39393 0.191339 -0 0.1736 -0.9848
v 0.007504 0.009661 -0.028196 1.43794 0.22677 -0.9766 0.0374 -0.2116
v 0.008288 -0.005608 -0.033351 1.44366 0.191339 -0.9878 0.027 -0.1537
v 0.007505 -0.006028 -0.030967 1.43795 0.191339 -0.9745 0.039 -0.2211
v 0.007121 -0.006502 -0.028281 1.43177 0.191339 -1 -0.0001 -0.0002
v 0.007504 0.009661 -0.028196 1.43794 0.22677 -0.9766 0.0374 -0.2116
v 0.007505 -0.006028 -0.030967 1.43795 0.191339 -0.9745 0.039 -0.2211
v 0.008288 -0.005608 -0.033351 1.44366 0.191339 -0.9878 0.027 -0.1537
v 0.008303 0.01123 -0.056572 1.50153 0.22677 -0.9861 -0.1663 -0.0042
v 0.008298 -0.001136 -0.058714 1.50143 0.191339 -1 0.0004 -0.0003
v 0.007507 -0.00698 -0.025573 1.42554 0.191339 -0.9746 -0.0389 0.2204
v 0.00712 0.010517 -0.025268 1.43174 0.22677 -0.9992 -0.0068 0.0385
v 0.007121 -0.006502 -0.028281 1.43177 0.191339 -1 -0.0001 -0.0002
v 0.012549 -0.117719 -0.079883 0.58926 0.760507 0 -1 -0
v -0.012549 -0.117719 -0.036489 0.532327 0.85894 0 -1 -0
v -0.012549 -0.117719 -0.079883 0.532327 0.760507 0 -1 -0
v 0.012549 -0.115719 -0.079883 0.969007 0.914438 0 0 -1
v -0.012549 -0.117719 -0.079883 0.973544 0.971371 0 0 -1
v -0.012549 -0.115719 -0.079883 0.969007 0.971371 0 0 -1
v -0.012549 -0.115719 -0.036489 0.312992 0.501726 -0.9948 -0 0.1014
v -0.011598 -0.117719 -0.031869 0.32369 0.497189 -0.9194 -0 0.3933
v -0.011598 -0.115719 -0.031869 0.32369 0.501726 -0.9194 -0 0.3933
v -0.008888 -0.115719 -0.027953 0.334492 0.501726 -0.6956 -0 0.7184
v -0.004833 -0.117719 -0.025336 0.345439 0.49719 -0.3714 -0 0.9285
v -0.004833 -0.115719 -0.025336 0.345439 0.501726 -0.3714 -0 0.9285
v -0.012549 -0.115719 -0.079883 0.214555 0.501723 -1 0 0
v -0.012549 -0.117719 -0.036489 0.312992 0.497189 -0.9948 -0 0.1014
v -0.012549 -0.115719 -0.036489 0.312992 0.501726 -0.9948 -0 0.1014
v -0.004833 -0.115719 -0.025336 0.345439 0.501726 -0.3714 -0 0.9285
v 0 -0.117719 -0.024417 0.356599 0.49719 -0 -0 1
v 0 -0.115719 -0.024417 0.356599 0.501726 -0 -0 1
v -0.011598 -0.115719 -0.031869 0.32369 0.501726 -0.9194 -0 0.3933
v -0.008888 -0.117719 -0.027953 0.334492 0.49719 -0.6956 -0 0.7184
v -0.008888 -0.115719 -0.027953 0.334492 0.501726 -0.6956 -0 0.7184
v 0.008888 -0.115719 -0.027953 0.378705 0.501726 0.6956 -0 0.7184
v 0.004833 -0.117719 -0.025336 0.367758 0.49719 0.3714 -0 0.9285
v 0.008888 -0.117719 -0.027953 0.378705 0.49719 0.6956 -0 0.7184
v 0.004833 -0.115719 -0.025336 0.367758 0.501726 0.3714 -0 0.9285
v 0 -0.117719 -0.024417 0.356599 0.49719 -0 -0 1
v 0.004833 -0.117719 -0.025336 0.367758 0.49719 0.3714 -0 0.9285
v 0.012549 -0.115719 -0.036489 0.400205 0.501726 0.9948 -0 0.1014
v 0.011598 -0.117719 -0.031869 0.389507 0.497189 0.9194 -0 0.3933
v 0.012549 -0.117719 -0.036489 0.400205 0.497189 0.9948 -0 0.1014
v 0.011598 -0.115719 -0.031869 0.389507 0.501726 0.9194 -0 0.3933
v 0.008888 -0.117719 -0.027953 0.378705 0.49719 0.6956 -0 0.7184
v 0.011598 -0.117719 -0.031869 0.389507 0.497189 0.9194 -0 0.3933
v 0.012549 -0.115719 -0.036489 0.353967 0.541753 -0 1 0
v -0.012549 -0.115719 -0.036489 0.353967 0.598685 -0 1 0
v 0 -0.115719 -0.024417 0.326584 0.570219 -0 1 0
v 0.012549 -0.115719 -0.079883 0.498642 0.501723 1 -0 0
v 0.012549 -0.117719 -0.036489 0.400205 0.497189 0.9948 -0 0.1014
v 0.012549 -0.117719 -0.079883 0.498642 0.497186 1 -0 0
v 0.008888 -0.117719 -0.027953 0.580955 0.878303 0 -1 -0
v 0.004833 -0.117719 -0.025336 0.571757 0.884239 0 -1 -0
v 0.012549 -0.117719 -0.036489 0.58926 0.85894 0 -1 -0
v 0.012549 -0.117719 -0.079883 0.58926 0.760507 0 -1 -0
v 0.012549 -0.117719 -0.036489 0.58926 0.85894 0 -1 -0
v -0.012549 -0.117719 -0.036489 0.532327 0.85894 0 -1 -0
v 0.012549 -0.115719 -0.079883 0.969007 0.914438 0 0 -1
v 0.012549 -0.117719 -0.079883 0.973544 0.914438 0 0 -1
v -0.012549 -0.117719 -0.079883 0.973544 0.971371 0 0 -1
v -0.012549 -0.115719 -0.036489 0.312992 0.501726 -0.9948 -0 0.1014
v -0.012549 -0.117719 -0.036489 0.312992 0.497189 -0.9948 -0 0.1014
v -0.011598 -0.117719 -0.031869 0.32369 0.497189 -0.9194 -0 0.3933
v -0.008888 -0.115719 -0.027953 0.334492 0.501726 -0.6956 -0 0.7184
v -0.008888 -0.117719 -0.027953 0.334492 0.49719 -0.6956 -0 0.7184
v -0.004833 -0.117719 -0.025336 0.345439 0.49719 -0.3714 -0 0.9285
v -0.012549 -0.115719 -0.079883 0.214555 0.501723 -1 0 0
v -0.012549 -0.117719 -0.079883 0.214555 0.497186 -1 0 0
v -0.012549 -0.117719 -0.036489 0.312992 0.497189 -0.9948 -0 0.1014
v -0.004833 -0.115719 -0.025336 0.345439 0.501726 -0.3714 -0 0.9285
v -0.004833 -0.117719 -0.025336 0.345439 0.49719 -0.3714 -0 0.9285
v 0 -0.117719 -0.024417 0.356599 0.49719 -0 -0 1
v -0.011598 -0.115719 -0.031869 0.32369 0.501726 -0.9194 -0 0.3933
v -0.011598 -0.117719 -0.031869 0.32369 0.497189 -0.9194 -0 0.3933
v -0.008888 -0.117719 -0.027953 0.334492 0.49719 -0.6956 -0 0.7184
v 0.008888 -0.115719 -0.027953 0.378705 0.501726 0.6956 -0 0.7184
v 0.004833 -0.115719 -0.025336 0.367758 0.501726 0.3714 -0 0.9285
v 0.004833 -0.117719 -0.025336 0.367758 0.49719 0.3714 -0 0.9285
v 0.004833 -0.115719 -0.025336 0.367758 0.501726 0.3714 -0 0.9285
v 0 -0.115719 -0.024417 0.356599 0.501726 -0 -0 1
v 0 -0.117719 -0.024417 0.356599 0.49719 -0 -0 1
v 0.012549 -0.115719 -0.036489 0.400205 0.501726 0.9948 -0 0.1014
v 0.011598 -0.115719 -0.031869 0.389507 0.501726 0.9194 -0 0.3933
v 0.011598 -0.117719 -0.031869 0.389507 0.497189 0.9194 -0 0.3933
v 0.011598 -0.115719 -0.031869 0.389507 0.501726 0.9194 -0 0.3933
v 0.008888 -0.115719 -0.027953 0.378705 0.501726 0.6956 -0 0.7184
v 0.008888 -0.117719 -0.027953 0.378705 0.49719 0.6956 -0 0.7184
v 0.004833 -0.115719 -0.025336 0.328669 0.559255 -0 1 0
v 0.008888 -0.115719 -0.027953 0.334605 0.550057 -0 1 0
v 0.012549 -0.115719 -0.036489 0.353967 0.541753 -0 1 0
v 0.008888 -0.115719 -0.027953 0.334605 0.550057 -0 1 0
v 0.011598 -0.115719 -0.031869 0.343488 0.543911 -0 1 0
v 0.012549 -0.115719 -0.036489 0.353967 0.541753 -0 1 0
v 0.012549 -0.115719 -0.036489 0.353967 0.541753 -0 1 0
v 0.012549 -0.115719 -0.079883 0.452401 0.541753 -0 1 0
v -0.012549 -0.115719 -0.036489 0.353967 0.598685 -0 1 0
v 0.012549 -0.115719 -0.079883 0.452401 0.541753 -0 1 0
v -0.012549 -0.115719 -0.079883 0.452401 0.598685 -0 1 0
v -0.012549 -0.115719 -0.036489 0.353967 0.598685 -0 1 0
v -0.012549 -0.115719 -0.036489 0.353967 0.598685 -0 1 0
v -0.011598 -0.115719 -0.031869 0.343488 0.596527 -0 1 0
v -0.008888 -0.115719 -0.027953 0.334605 0.590381 -0 1 0
v -0.008888 -0.115719 -0.027953 0.334605 0.590381 -0 1 0
v -0.004833 -0.115719 -0.025336 0.328669 0.581183 -0 1 0
v -0.012549 -0.115719 -0.036489 0.353967 0.598685 -0 1 0
v -0.004833 -0.115719 -0.025336 0.328669 0.581183 -0 1 0
v 0 -0.115719 -0.024417 0.326584 0.570219 -0 1 0
v -0.012549 -0.115719 -0.036489 0.353967 0.598685 -0 1 0
v 0 -0.115719 -0.024417 0.326584 0.570219 -0 1 0
v 0.004833 -0.115719 -0.025336 0.328669 0.559255 -0 1 0
v 0.012549 -0.115719 -0.036489 0.353967 0.541753 -0 1 0
v 0.012549 -0.115719 -0.079883 0.498642 0.501723 1 -0 0
v 0.012549 -0.115719 -0.036489 0.400205 0.501726 0.9948 -0 0.1014
v 0.012549 -0.117719 -0.036489 0.400205 0.497189 0.9948 -0 0.1014
v 0.004833 -0.117719 -0.025336 0.571757 0.884239 0 -1 -0
v 0 -0.117719 -0.024417 0.560793 0.886323 0 -1 -0
v 0.012549 -0.117719 -0.036489 0.58926 0.85894 0 -1 -0
v 0 -0.117719 -0.024417 0.560793 0.886323 0 -1 -0
v -0.004833 -0.117719 -0.025336 0.54983 0.884239 0 -1 -0
v -0.012549 -0.117719 -0.036489 0.532327 0.85894 0 -1 -0
v 0.012549 -0.117719 -0.036489 0.58926 0.85894 0 -1 -0
v 0 -0.117719 -0.024417 0.560793 0.886323 0 -1 -0
v -0.012549 -0.117719 -0.036489 0.532327 0.85894 0 -1 -0
v -0.004833 -0.117719 -0.025336 0.54983 0.884239 0 -1 -0
v -0.008888 -0.117719 -0.027953 0.540631 0.878303 0 -1 -0
v -0.012549 -0.117719 -0.036489 0.532327 0.85894 0 -1 -0
v -0.008888 -0.117719 -0.027953 0.540631 0.878303 0 -1 -0
v -0.011598 -0.117719 -0.031869 0.534485 0.869419 0 -1 -0
v -0.012549 -0.117719 -0.036489 0.532327 0.85894 0 -1 -0
v 0.012549 -0.117719 -0.036489 0.58926 0.85894 0 -1 -0
v 0.011598 -0.117719 -0.031869 0.587101 0.869419 0 -1 -0
v 0.008888 -0.117719 -0.027953 0.580955 0.878303 0 -1 -0
